"Time"	"HeadX"	"HeadY"	"TailX"	"TailY"	"MidX"	"MidY"	"LeftFinProX"	"LeftFinProY"	"RightFinProX"	"RightFinProY"	"LeftFinDisX"	"LeftFinDisY"	"RightFinDisX"	"RightFinDisY"
"1"	16	NA	NA	NA	NA	NA	NA	NA	NA	NA	NA	NA	NA	NA	NA
"2"	18	89	408.666666666667	260.666666666667	20	116	336.833333333333	131.333333333333	343.666666666667	100.666666666667	330	148.666666666667	312.666666666667	112	303.333333333333
"3"	20	88.75	408.75	261.25	19	116.375	337.25	131.75	343.75	101	330.75	148.5	312.5	111.25	304.5
"4"	22	88.6	409	261	20.2	116.4	337.3	131.8	343.4	101	331.2	148.2	314	109.4	305.8
"5"	24	88.6	408.2	262.6	20.6	116.7	337.2	132.2	343.4	101.2	331	147.2	317	105.8	306.6
"6"	26	88.6	409	261	20.2	116.4	337.3	131.8	343.4	101	331.2	148.2	314	109.4	305.8
"7"	28	88.6	408.2	262.6	20.6	116.7	337.2	132.2	343.4	101.2	331	147.2	317	105.8	306.6
"8"	30	88.4	408.2	265.6	21.6	116.7	337.2	132.2	343.2	101.2	331.2	147.6	319.8	100.4	306.4
"9"	32	88.6	408.2	269	23.2	116.6	337.8	131.8	342.6	101.4	333	147.4	322	95.6	305.6
"10"	34	88.6	407.8	270.6	28	116.5	337.6	131.6	342.4	101.4	332.8	149	326.6	90.6	303.2
"11"	36	88.2	407.6	271.6	30.2	116.3	336.8	131.4	342.4	101.2	331.2	152.2	331.8	86.6	300.8
"12"	38	87.4	408	270	31.8	115.7	335.8	130.4	341.8	101	329.8	155.4	335.8	86.2	298.6
"13"	40	86.4	408.4	265.6	32	115.7	335.1	130.6	341.8	100.8	328.4	158.2	340.8	89.6	296.2
"14"	42	84.8	409.4	256.4	30.6	115.1	334.2	129.8	341.6	100.4	326.8	161	346.8	94.2	294.6
"15"	44	83.8	410.2	245	26.6	114.1	333.9	128.8	340.4	99.4	327.4	161.8	351.6	98.8	294.2
"16"	46	83.8	410	233.4	22.8	113.8	334.9	128.8	340.2	98.8	329.6	160.2	352.4	103.2	295.2
"17"	48	83.2	411	219.4	21.2	113.3	336	128.4	340.4	98.2	331.6	160	348	104.2	298.2
"18"	50	83	412	207.2	22.6	112.8	337.1	128.2	340.6	97.4	333.6	159	342.8	102.4	302.4
"19"	52	83.2	412.6	201.2	25.4	112.4	338.8	128.8	341.6	96	336	158.2	337.6	99.6	306.4
"20"	54	83	414.2	203.4	28.2	112.4	339.9	129.2	343.6	95.6	336.2	157.2	329.6	94.4	310.4
"21"	56	82	416.6	212.2	33.2	112.3	341.1	129	345.2	95.6	337	156.2	322.8	88.8	312.6
"22"	58	82	418.2	225.2	38	111.9	342.4	128.8	346.6	95	338.2	154	321.8	82.2	312.4
"23"	60	82	419.8	243.2	40.4	111.7	344	127.6	349	95.8	339	152.4	320	76.6	313.4
"24"	62	82.2	421.4	262.2	44.6	111.8	345.7	127	351.2	96.6	340.2	150.4	318.4	71.2	313.8
"25"	64	82	422.6	280.2	50	112	347.4	126.4	353.6	97.6	341.2	149.4	321.4	70.2	314.6
"26"	66	81.6	423.8	290.4	57.8	111.4	348.4	125.4	355.4	97.4	341.4	147.8	326.2	72	315.4
"27"	68	81	424.8	297.2	65.4	111.2	349.7	124.8	357.6	97.6	341.8	146.6	331.4	76.8	317.4
"28"	70	79.8	426.6	296.8	70.6	110.7	350.8	124.8	358.8	96.6	342.8	146.2	337.4	83.6	316.2
"29"	72	78.4	428	291.8	70.8	109.9	351.4	123.8	360	96	342.8	146.2	344.6	91.2	314.8
"30"	74	76.2	429.4	279.4	67.4	108.2	352.7	122.8	359.8	93.6	345.6	147.2	350.4	96.2	314
"31"	76	74.8	430.8	266	57	106.8	355.1	121.8	361.4	91.8	348.8	151.2	356.8	99.4	313
"32"	78	72.8	432.4	251	45.4	105.3	356.4	120.6	361.6	90	351.2	153.2	362.8	102.2	312.4
"33"	80	71.4	433.4	232.4	37.4	103.7	357.8	119.4	362	88	353.6	154.2	367.6	102.4	314.6
"34"	82	70.2	434.6	215.6	34	102.6	359.4	118.8	362.8	86.4	356	155.2	370.8	100.4	318
"35"	84	70.4	435.8	203.2	35.4	101.6	360.8	117.6	365	85.6	356.6	154.8	366.8	96.8	319.4
"36"	86	69.6	437.4	197	39.8	101.1	361.9	117	365.8	85.2	358	152.4	361.4	91.4	322.2
"37"	88	69.4	439.2	203.6	46.6	100.8	363.8	116.6	367.8	85	359.8	151.6	353.6	83.8	325.6
"38"	90	69.2	441.2	219	52.4	101	365.8	117.2	370.2	84.8	361.4	150.6	345	77	328
"39"	92	68.6	443.4	235.4	57.2	100.4	367.9	116.6	372	84.2	363.8	147.8	337.4	70.4	329.2
"40"	94	67.4	445.8	253.6	63.6	100.7	369.2	116.8	373.4	84.6	365	144.6	336.2	65.8	332.4
"41"	96	67	447.8	273	71.8	100.7	370.3	116.2	375.4	85.2	365.2	141.6	340.2	64.2	333.8
"42"	98	67	449.2	283.4	78.4	100.3	371.3	115.2	377.2	85.4	365.4	138	343.8	65.4	334.8
"43"	100	66	450.8	288.2	86.4	99	372.6	112.8	379	85.2	366.2	134	349.6	67	335.8
"44"	102	65.8	452.4	288.8	90	98.5	373.7	111.8	381.2	85.2	366.2	132.2	355.6	71.2	336.8
"45"	104	65.2	453.6	286.2	88.8	97.1	375.3	110	383	84.2	367.6	131.6	363.2	77	336.2
"46"	106	64.4	454.8	276.4	83.2	95.4	377	108.4	384.6	82.4	369.4	132	366.4	82.2	336.4
"47"	108	63.2	456.2	264	77.2	94.1	378.9	107.6	386.6	80.6	371.2	134.4	372	86.6	336.6
"48"	110	62.2	457.2	251.8	68.2	93	380.2	106.4	387.8	79.6	372.6	140	377.2	90.8	336.2
"49"	112	60.4	458.2	239.6	61	92.3	381.2	105.8	388.4	78.8	374	144.4	381.8	93.6	336.8
"50"	114	59.2	459.4	224.4	55.4	91.9	382.2	105.8	389.4	78	375	147.2	384.8	94.8	338.4
"51"	116	57.8	460	212.6	55.8	91.4	383	105.4	390.2	77.4	375.8	149.4	385.6	95.2	340.6
"52"	118	56.2	460.8	203.8	56.8	91.2	383.9	105.4	391	77	376.8	150	386	94.6	342.8
"53"	120	54.8	461.4	198.2	58.6	91.1	384.9	105.6	392	76.6	377.8	148.4	385.8	94	344.8
"54"	122	53.8	462.2	198.8	64.2	90.3	386.2	104.6	393.4	76	379	147	383.8	93.6	346.4
"55"	124	52.6	462.6	203.8	66.8	89.6	387.8	103.6	394.8	75.6	380.8	146	381	92.8	348
"56"	126	51.8	464	210.6	65.8	89.1	389	103	395.8	75.2	382.2	144.2	376.8	92.4	348.8
"57"	128	51.2	465	220.4	65.8	88.2	390	101.6	396.6	74.8	383.4	140.8	373.6	92	350.2
"58"	130	51	466	228.6	66.4	87.5	390.9	100.8	397.6	74.2	384.2	136.4	370.8	91.6	351.6
"59"	132	50.8	467	235.4	66.2	87.1	391.4	100.2	398	74	384.8	135.2	368	91	352.8
"60"	134	50.6	467.8	243	69.4	86.8	391.7	99.8	398.4	73.8	385	132.2	366.2	91	354.2
"61"	136	50.6	468.6	248.2	73.4	86.5	392.3	99.4	399.2	73.6	385.4	129.4	367.8	90.6	355.4
"62"	138	50.4	469.2	250	77.2	86.3	392.8	99.2	399.4	73.4	386.2	128.4	368.2	90.4	355.6
"63"	140	50.4	470.2	253	80	86.4	393.5	99.6	399.8	73.2	387.2	127.8	368.2	90	356.6
"64"	142	50.4	470.6	255.2	82.2	86.2	394.4	99.6	400.8	72.8	388	124.2	369.6	89.8	357.2
"65"	144	50.6	471.4	256	83	85.8	395.3	99.4	402	72.2	388.6	122.8	371	89.4	357.4
"66"	146	50.2	471.8	257.8	82.2	85.6	395.9	99.4	402.6	71.8	389.2	122	371.6	89.2	357.8
"67"	148	50	472.6	259.4	79.8	85.4	396.7	99.4	403.8	71.4	389.6	121.4	373	89.2	358.2
"68"	150	49.6	473.2	258.4	79.2	85	397.2	98.8	404.4	71.2	390	120.6	374.4	89	358.4
"69"	152	49.2	474.4	257.2	78.4	84.9	397.7	98.8	405	71	390.4	120.6	375.2	88.2	359.8
"70"	154	49	475.2	256.2	77.6	84.9	398	98.8	405.2	71	390.8	120.2	375.4	87.8	360.8
"71"	156	48.8	475.6	253.8	78	84.9	398.4	98.8	405.8	71	391	119.4	375.6	87.6	361.2
"72"	158	48.6	475.8	253.4	77.4	84.8	398.9	98.8	406.2	70.8	391.6	118.8	375.8	86.8	362.2
"73"	160	48.6	476.4	253.8	78	84.8	399.3	99	406.6	70.6	392	118.6	375.8	86.2	363.4
"74"	162	48.4	476.4	254.2	76.2	84.5	399.7	98.8	406.8	70.2	392.6	117.8	376.2	86	364
"75"	164	48.4	477	254.4	76.2	84.3	400.2	98.6	407.2	70	393.2	116.8	376.6	85.6	364.2
"76"	166	48.4	477.2	253.8	76.8	83.9	400.7	98.2	407.6	69.6	393.8	116.6	376.8	85.2	364.8
"77"	168	48.2	478	252.8	76.4	83.6	400.9	97.8	407.8	69.4	394	115.6	377.2	85.2	365
"78"	170	47.8	477.8	253.4	75.4	83.2	401.2	97.2	408	69.2	394.4	115.4	377.6	85.2	365
"79"	172	47.2	478	253.8	76.8	83	401.7	97	408.4	69	395	115.2	377.4	85.2	365.2
"80"	174	46.8	478	252.4	77.6	82.8	402	96.8	408.6	68.8	395.4	115.2	377.8	85.2	365.8
